{
    "130322272869": {
        "X_WT": [
            [
                0.78597670738,
                -0.423926669985,
                0.450029770051,
                -0.564347406154
            ],
            [
                0.214854053142,
                0.86982139932,
                0.44412663637,
                -0.087844858855
            ],
            [
                -0.579722650329,
                -0.252382471184,
                0.774741722727,
                0.38521996784
            ],
            [
                0.0,
                0.0,
                0.0,
                1.0
            ]
        ]
    },
    "218622277783": {
        "X_WT": [
            [
                0.382081771211,
                0.89549210718,
                0.228270466961,
                -0.272505149829
            ],
            [
                -0.7305084923,
                0.443960707078,
                -0.518899058823,
                0.284626897569
            ],
            [
                -0.566013129516,
                0.031508356819,
                0.823793882392,
                0.357530626679
            ],
            [
                0.0,
                0.0,
                0.0,
                1.0
            ]
        ]
    },
    "819612070593": {
        "X_WT": [
            [
                0.999424344331,
                0.03159167871,
                -0.012367125597,
                -0.224507960727
            ],
            [
                0.031299692692,
                -0.999242347832,
                -0.023131353965,
                -0.054111980834
            ],
            [
                -0.01308851392,
                0.022730951039,
                -0.999655938145,
                0.551518689701
            ],
            [
                0.0,
                0.0,
                0.0,
                1.0
            ]
        ]
    }
}