{
    "130322272869": {
        "X_WT": [
            [
                0.544635615319,
                -0.534090531734,
                0.646621489311,
                -0.610276838269
            ],
            [
                -0.811925572672,
                -0.52894132354,
                0.246977611725,
                -0.101645398394
            ],
            [
                0.210116422413,
                -0.659521326542,
                -0.72172204405,
                0.405563921481
            ],
            [
                0.0,
                0.0,
                0.0,
                1.0
            ]
        ]
    },
    "218622277783": {
        "X_WT": [
            [
                -0.930381184385,
                -0.167809736075,
                0.325930581906,
                -0.274016700705
            ],
            [
                -0.357873158142,
                0.608522299831,
                -0.708256601304,
                0.280120623467
            ],
            [
                -0.079483673949,
                -0.775590422251,
                -0.626212298257,
                0.362003788307
            ],
            [
                0.0,
                0.0,
                0.0,
                1.0
            ]
        ]
    },
    "819612070593": {
        "X_WT": [
            [
                0.999949305486,
                0.00767167982,
                -0.00652163989,
                -0.281447378898
            ],
            [
                0.007292808152,
                -0.998389688616,
                -0.056256951706,
                -0.025782310204
            ],
            [
                -0.00694272334,
                0.056206538718,
                -0.998395023825,
                0.53066252465
            ],
            [
                0.0,
                0.0,
                0.0,
                1.0
            ]
        ]
    }
}