{
    "130322272869": {
        "X_WT": [
            [
                0.544635615319,
                -0.534090531734,
                0.646621489311,
                -0.610276838269
            ],
            [
                -0.811925572672,
                -0.52894132354,
                0.246977611725,
                -0.101645398394
            ],
            [
                0.210116422413,
                -0.659521326542,
                -0.72172204405,
                0.405563921481
            ],
            [
                0.0,
                0.0,
                0.0,
                1.0
            ]
        ]
    },
    "218622277783": {
        "X_WT": [
            [
                -0.930381184385,
                -0.167809736075,
                0.325930581906,
                -0.274016700705
            ],
            [
                -0.357873158142,
                0.608522299831,
                -0.708256601304,
                0.280120623467
            ],
            [
                -0.079483673949,
                -0.775590422251,
                -0.626212298257,
                0.362003788307
            ],
            [
                0.0,
                0.0,
                0.0,
                1.0
            ]
        ]
    },
    "819612070593": {
        "X_WT": [
            [
                0.999343016467,
                -0.01235510157,
                0.034071790432,
                -0.238105072302
            ],
            [
                -0.010311820877,
                -0.998174638206,
                -0.05950678946,
                0.006235847318
            ],
            [
                0.034744809515,
                0.05911635228,
                -0.997646257501,
                0.582073732239
            ],
            [
                0.0,
                0.0,
                0.0,
                1.0
            ]
        ]
    }
}