{
    "130322272869": {
        "X_WT": [
            [
                0.544635615319,
                -0.534090531734,
                0.646621489311,
                -0.610276838269
            ],
            [
                -0.811925572672,
                -0.52894132354,
                0.246977611725,
                -0.101645398394
            ],
            [
                0.210116422413,
                -0.659521326542,
                -0.72172204405,
                0.405563921481
            ],
            [
                0.0,
                0.0,
                0.0,
                1.0
            ]
        ]
    },
    "218622277783": {
        "X_WT": [
            [
                -0.930381184385,
                -0.167809736075,
                0.325930581906,
                -0.274016700705
            ],
            [
                -0.357873158142,
                0.608522299831,
                -0.708256601304,
                0.280120623467
            ],
            [
                -0.079483673949,
                -0.775590422251,
                -0.626212298257,
                0.362003788307
            ],
            [
                0.0,
                0.0,
                0.0,
                1.0
            ]
        ]
    },
    "819612070593": {
        "X_WT": [
            [
                0.997336146317,
                0.056580179182,
                -0.046035796643,
                -0.132112276851
            ],
            [
                0.054515024077,
                -0.997501002225,
                -0.04494288275,
                0.022012574233
            ],
            [
                -0.048463629648,
                0.042313518924,
                -0.997928275337,
                0.805808093593
            ],
            [
                0.0,
                0.0,
                0.0,
                1.0
            ]
        ]
    }
}